c cksystemsgroup.github.io/unicorn
c CNF contains a total of 942 clauses.
c CNF contains a total of 239 variables.
c CNF clauses cover 1 bad states.
c Variable name mapping (33 names):
c   1: quotient[bit=0]
c   3: quotient[bit=1]
c   5: quotient[bit=2]
c   7: quotient[bit=3]
c   10: quotient[bit=4]
c   12: quotient[bit=5]
c   14: quotient[bit=6]
c   16: quotient[bit=7]
c   18: ?
c   19: input[bit=0]
c   20: input[bit=0]
c   22: remainder[bit=0]
c   30: input[bit=1]
c   52: input[bit=2]
c   71: input[bit=3]
c   87: input[bit=4]
c   100: input[bit=5]
c   110: input[bit=6]
c   117: input[bit=7]
c   121: remainder[bit=7]
c   123: remainder[bit=6]
c   125: remainder[bit=5]
c   127: remainder[bit=4]
c   129: remainder[bit=3]
c   131: remainder[bit=2]
c   133: remainder[bit=1]
c   184: input[bit=2]
c   193: input[bit=1]
c   202: input[bit=6]
c   209: input[bit=5]
c   216: input[bit=7]
c   224: input[bit=3]
c   232: input[bit=4]
p cnf 239 942
-1 -2 0
1 2 0
-2 -3 4 0
2 -4 0
3 -4 0
-4 -5 6 0
4 -6 0
5 -6 0
-7 -8 0
7 8 0
-6 -8 9 0
6 -9 0
8 -9 0
-9 -10 11 0
9 -11 0
10 -11 0
-11 -12 13 0
11 -13 0
12 -13 0
-13 -14 15 0
13 -15 0
14 -15 0
-16 -17 0
16 17 0
-15 -17 18 0
15 -18 0
17 -18 0
-1 -20 21 0
1 -21 0
20 -21 0
21 22 -23 0
21 -22 23 0
-21 22 23 0
-21 -22 -23 0
-19 -23 -24 0
19 24 0
23 24 0
-19 -25 0
19 25 0
-23 -26 0
23 26 0
-25 -26 -27 0
25 27 0
26 27 0
-24 -27 -28 0
24 28 0
27 28 0
28 0
-16 -20 29 0
16 -29 0
20 -29 0
-14 -30 31 0
14 -31 0
30 -31 0
-14 -20 32 0
14 -32 0
20 -32 0
-12 -30 33 0
12 -33 0
30 -33 0
-12 -20 34 0
12 -34 0
20 -34 0
-10 -30 35 0
10 -35 0
30 -35 0
-10 -20 36 0
10 -36 0
20 -36 0
-7 -30 37 0
7 -37 0
30 -37 0
-7 -20 38 0
7 -38 0
20 -38 0
-5 -30 39 0
5 -39 0
30 -39 0
-5 -20 40 0
5 -40 0
20 -40 0
-3 -30 41 0
3 -41 0
30 -41 0
-3 -20 42 0
3 -42 0
20 -42 0
-1 -30 43 0
1 -43 0
30 -43 0
-44 0
42 43 -45 0
42 44 -45 0
-43 -44 45 0
43 44 -45 0
-42 -44 45 0
-42 -43 45 0
40 41 -46 0
40 45 -46 0
-41 -45 46 0
41 45 -46 0
-40 -45 46 0
-40 -41 46 0
38 39 -47 0
38 46 -47 0
-39 -46 47 0
39 46 -47 0
-38 -46 47 0
-38 -39 47 0
36 37 -48 0
36 47 -48 0
-37 -47 48 0
37 47 -48 0
-36 -47 48 0
-36 -37 48 0
34 35 -49 0
34 48 -49 0
-35 -48 49 0
35 48 -49 0
-34 -48 49 0
-34 -35 49 0
32 33 -50 0
32 49 -50 0
-33 -49 50 0
33 49 -50 0
-32 -49 50 0
-32 -33 50 0
29 31 50 -51 0
29 31 -50 51 0
29 -31 50 51 0
29 -31 -50 -51 0
-29 31 50 51 0
-29 31 -50 -51 0
-29 -31 50 -51 0
-29 -31 -50 51 0
-12 -52 53 0
12 -53 0
52 -53 0
32 33 49 -54 0
32 33 -49 54 0
32 -33 49 54 0
32 -33 -49 -54 0
-32 33 49 54 0
-32 33 -49 -54 0
-32 -33 49 -54 0
-32 -33 -49 54 0
-10 -52 55 0
10 -55 0
52 -55 0
34 35 48 -56 0
34 35 -48 56 0
34 -35 48 56 0
34 -35 -48 -56 0
-34 35 48 56 0
-34 35 -48 -56 0
-34 -35 48 -56 0
-34 -35 -48 56 0
-7 -52 57 0
7 -57 0
52 -57 0
36 37 47 -58 0
36 37 -47 58 0
36 -37 47 58 0
36 -37 -47 -58 0
-36 37 47 58 0
-36 37 -47 -58 0
-36 -37 47 -58 0
-36 -37 -47 58 0
-5 -52 59 0
5 -59 0
52 -59 0
38 39 46 -60 0
38 39 -46 60 0
38 -39 46 60 0
38 -39 -46 -60 0
-38 39 46 60 0
-38 39 -46 -60 0
-38 -39 46 -60 0
-38 -39 -46 60 0
-3 -52 61 0
3 -61 0
52 -61 0
40 41 45 -62 0
40 41 -45 62 0
40 -41 45 62 0
40 -41 -45 -62 0
-40 41 45 62 0
-40 41 -45 -62 0
-40 -41 45 -62 0
-40 -41 -45 62 0
-1 -52 63 0
1 -63 0
52 -63 0
-64 0
62 63 -65 0
62 64 -65 0
-63 -64 65 0
63 64 -65 0
-62 -64 65 0
-62 -63 65 0
60 61 -66 0
60 65 -66 0
-61 -65 66 0
61 65 -66 0
-60 -65 66 0
-60 -61 66 0
58 59 -67 0
58 66 -67 0
-59 -66 67 0
59 66 -67 0
-58 -66 67 0
-58 -59 67 0
56 57 -68 0
56 67 -68 0
-57 -67 68 0
57 67 -68 0
-56 -67 68 0
-56 -57 68 0
54 55 -69 0
54 68 -69 0
-55 -68 69 0
55 68 -69 0
-54 -68 69 0
-54 -55 69 0
51 53 69 -70 0
51 53 -69 70 0
51 -53 69 70 0
51 -53 -69 -70 0
-51 53 69 70 0
-51 53 -69 -70 0
-51 -53 69 -70 0
-51 -53 -69 70 0
-10 -71 72 0
10 -72 0
71 -72 0
54 55 68 -73 0
54 55 -68 73 0
54 -55 68 73 0
54 -55 -68 -73 0
-54 55 68 73 0
-54 55 -68 -73 0
-54 -55 68 -73 0
-54 -55 -68 73 0
-7 -71 74 0
7 -74 0
71 -74 0
56 57 67 -75 0
56 57 -67 75 0
56 -57 67 75 0
56 -57 -67 -75 0
-56 57 67 75 0
-56 57 -67 -75 0
-56 -57 67 -75 0
-56 -57 -67 75 0
-5 -71 76 0
5 -76 0
71 -76 0
58 59 66 -77 0
58 59 -66 77 0
58 -59 66 77 0
58 -59 -66 -77 0
-58 59 66 77 0
-58 59 -66 -77 0
-58 -59 66 -77 0
-58 -59 -66 77 0
-3 -71 78 0
3 -78 0
71 -78 0
60 61 65 -79 0
60 61 -65 79 0
60 -61 65 79 0
60 -61 -65 -79 0
-60 61 65 79 0
-60 61 -65 -79 0
-60 -61 65 -79 0
-60 -61 -65 79 0
-1 -71 80 0
1 -80 0
71 -80 0
-81 0
79 80 -82 0
79 81 -82 0
-80 -81 82 0
80 81 -82 0
-79 -81 82 0
-79 -80 82 0
77 78 -83 0
77 82 -83 0
-78 -82 83 0
78 82 -83 0
-77 -82 83 0
-77 -78 83 0
75 76 -84 0
75 83 -84 0
-76 -83 84 0
76 83 -84 0
-75 -83 84 0
-75 -76 84 0
73 74 -85 0
73 84 -85 0
-74 -84 85 0
74 84 -85 0
-73 -84 85 0
-73 -74 85 0
70 72 85 -86 0
70 72 -85 86 0
70 -72 85 86 0
70 -72 -85 -86 0
-70 72 85 86 0
-70 72 -85 -86 0
-70 -72 85 -86 0
-70 -72 -85 86 0
-7 -87 88 0
7 -88 0
87 -88 0
73 74 84 -89 0
73 74 -84 89 0
73 -74 84 89 0
73 -74 -84 -89 0
-73 74 84 89 0
-73 74 -84 -89 0
-73 -74 84 -89 0
-73 -74 -84 89 0
-5 -87 90 0
5 -90 0
87 -90 0
75 76 83 -91 0
75 76 -83 91 0
75 -76 83 91 0
75 -76 -83 -91 0
-75 76 83 91 0
-75 76 -83 -91 0
-75 -76 83 -91 0
-75 -76 -83 91 0
-3 -87 92 0
3 -92 0
87 -92 0
77 78 82 -93 0
77 78 -82 93 0
77 -78 82 93 0
77 -78 -82 -93 0
-77 78 82 93 0
-77 78 -82 -93 0
-77 -78 82 -93 0
-77 -78 -82 93 0
-1 -87 94 0
1 -94 0
87 -94 0
-95 0
93 94 -96 0
93 95 -96 0
-94 -95 96 0
94 95 -96 0
-93 -95 96 0
-93 -94 96 0
91 92 -97 0
91 96 -97 0
-92 -96 97 0
92 96 -97 0
-91 -96 97 0
-91 -92 97 0
89 90 -98 0
89 97 -98 0
-90 -97 98 0
90 97 -98 0
-89 -97 98 0
-89 -90 98 0
86 88 98 -99 0
86 88 -98 99 0
86 -88 98 99 0
86 -88 -98 -99 0
-86 88 98 99 0
-86 88 -98 -99 0
-86 -88 98 -99 0
-86 -88 -98 99 0
-5 -100 101 0
5 -101 0
100 -101 0
89 90 97 -102 0
89 90 -97 102 0
89 -90 97 102 0
89 -90 -97 -102 0
-89 90 97 102 0
-89 90 -97 -102 0
-89 -90 97 -102 0
-89 -90 -97 102 0
-3 -100 103 0
3 -103 0
100 -103 0
91 92 96 -104 0
91 92 -96 104 0
91 -92 96 104 0
91 -92 -96 -104 0
-91 92 96 104 0
-91 92 -96 -104 0
-91 -92 96 -104 0
-91 -92 -96 104 0
-1 -100 105 0
1 -105 0
100 -105 0
-106 0
104 105 -107 0
104 106 -107 0
-105 -106 107 0
105 106 -107 0
-104 -106 107 0
-104 -105 107 0
102 103 -108 0
102 107 -108 0
-103 -107 108 0
103 107 -108 0
-102 -107 108 0
-102 -103 108 0
99 101 108 -109 0
99 101 -108 109 0
99 -101 108 109 0
99 -101 -108 -109 0
-99 101 108 109 0
-99 101 -108 -109 0
-99 -101 108 -109 0
-99 -101 -108 109 0
-3 -110 111 0
3 -111 0
110 -111 0
102 103 107 -112 0
102 103 -107 112 0
102 -103 107 112 0
102 -103 -107 -112 0
-102 103 107 112 0
-102 103 -107 -112 0
-102 -103 107 -112 0
-102 -103 -107 112 0
-1 -110 113 0
1 -113 0
110 -113 0
-114 0
112 113 -115 0
112 114 -115 0
-113 -114 115 0
113 114 -115 0
-112 -114 115 0
-112 -113 115 0
109 111 115 -116 0
109 111 -115 116 0
109 -111 115 116 0
109 -111 -115 -116 0
-109 111 115 116 0
-109 111 -115 -116 0
-109 -111 115 -116 0
-109 -111 -115 116 0
-1 -117 118 0
1 -118 0
117 -118 0
-119 0
116 118 119 -120 0
116 118 -119 120 0
116 -118 119 120 0
116 -118 -119 -120 0
-116 118 119 120 0
-116 118 -119 -120 0
-116 -118 119 -120 0
-116 -118 -119 120 0
112 113 114 -122 0
112 113 -114 122 0
112 -113 114 122 0
112 -113 -114 -122 0
-112 113 114 122 0
-112 113 -114 -122 0
-112 -113 114 -122 0
-112 -113 -114 122 0
104 105 106 -124 0
104 105 -106 124 0
104 -105 106 124 0
104 -105 -106 -124 0
-104 105 106 124 0
-104 105 -106 -124 0
-104 -105 106 -124 0
-104 -105 -106 124 0
93 94 95 -126 0
93 94 -95 126 0
93 -94 95 126 0
93 -94 -95 -126 0
-93 94 95 126 0
-93 94 -95 -126 0
-93 -94 95 -126 0
-93 -94 -95 126 0
79 80 81 -128 0
79 80 -81 128 0
79 -80 81 128 0
79 -80 -81 -128 0
-79 80 81 128 0
-79 80 -81 -128 0
-79 -80 81 -128 0
-79 -80 -81 128 0
62 63 64 -130 0
62 63 -64 130 0
62 -63 64 130 0
62 -63 -64 -130 0
-62 63 64 130 0
-62 63 -64 -130 0
-62 -63 64 -130 0
-62 -63 -64 130 0
42 43 44 -132 0
42 43 -44 132 0
42 -43 44 132 0
42 -43 -44 -132 0
-42 43 44 132 0
-42 43 -44 -132 0
-42 -43 44 -132 0
-42 -43 -44 132 0
-21 -22 134 0
21 -134 0
22 -134 0
132 133 -135 0
132 134 -135 0
-133 -134 135 0
133 134 -135 0
-132 -134 135 0
-132 -133 135 0
130 131 -136 0
130 135 -136 0
-131 -135 136 0
131 135 -136 0
-130 -135 136 0
-130 -131 136 0
128 129 -137 0
128 136 -137 0
-129 -136 137 0
129 136 -137 0
-128 -136 137 0
-128 -129 137 0
126 127 -138 0
126 137 -138 0
-127 -137 138 0
127 137 -138 0
-126 -137 138 0
-126 -127 138 0
124 125 -139 0
124 138 -139 0
-125 -138 139 0
125 138 -139 0
-124 -138 139 0
-124 -125 139 0
122 123 -140 0
122 139 -140 0
-123 -139 140 0
123 139 -140 0
-122 -139 140 0
-122 -123 140 0
120 121 -141 0
120 140 -141 0
-121 -140 141 0
121 140 -141 0
-120 -140 141 0
-120 -121 141 0
-141 0
-142 0
-117 -143 0
117 143 0
-144 0
-110 -145 0
110 145 0
-146 0
-100 -147 0
100 147 0
-148 0
-87 -149 0
87 149 0
-150 0
-71 -151 0
71 151 0
-152 0
-52 -153 0
52 153 0
-154 0
-30 -155 0
30 155 0
-156 0
-20 -157 0
20 157 0
155 156 -158 0
155 157 -158 0
-156 -157 158 0
156 157 -158 0
-155 -157 158 0
-155 -156 158 0
153 154 -159 0
153 158 -159 0
-154 -158 159 0
154 158 -159 0
-153 -158 159 0
-153 -154 159 0
151 152 -160 0
151 159 -160 0
-152 -159 160 0
152 159 -160 0
-151 -159 160 0
-151 -152 160 0
149 150 -161 0
149 160 -161 0
-150 -160 161 0
150 160 -161 0
-149 -160 161 0
-149 -150 161 0
147 148 -162 0
147 161 -162 0
-148 -161 162 0
148 161 -162 0
-147 -161 162 0
-147 -148 162 0
145 146 -163 0
145 162 -163 0
-146 -162 163 0
146 162 -163 0
-145 -162 163 0
-145 -146 163 0
143 144 -164 0
143 163 -164 0
-144 -163 164 0
144 163 -164 0
-143 -163 164 0
-143 -144 164 0
-164 -165 0
164 165 0
143 144 163 -166 0
143 144 -163 166 0
143 -144 163 166 0
143 -144 -163 -166 0
-143 144 163 166 0
-143 144 -163 -166 0
-143 -144 163 -166 0
-143 -144 -163 166 0
145 146 162 -167 0
145 146 -162 167 0
145 -146 162 167 0
145 -146 -162 -167 0
-145 146 162 167 0
-145 146 -162 -167 0
-145 -146 162 -167 0
-145 -146 -162 167 0
147 148 161 -168 0
147 148 -161 168 0
147 -148 161 168 0
147 -148 -161 -168 0
-147 148 161 168 0
-147 148 -161 -168 0
-147 -148 161 -168 0
-147 -148 -161 168 0
149 150 160 -169 0
149 150 -160 169 0
149 -150 160 169 0
149 -150 -160 -169 0
-149 150 160 169 0
-149 150 -160 -169 0
-149 -150 160 -169 0
-149 -150 -160 169 0
151 152 159 -170 0
151 152 -159 170 0
151 -152 159 170 0
151 -152 -159 -170 0
-151 152 159 170 0
-151 152 -159 -170 0
-151 -152 159 -170 0
-151 -152 -159 170 0
153 154 158 -171 0
153 154 -158 171 0
153 -154 158 171 0
153 -154 -158 -171 0
-153 154 158 171 0
-153 154 -158 -171 0
-153 -154 158 -171 0
-153 -154 -158 171 0
155 156 157 -172 0
155 156 -157 172 0
155 -156 157 172 0
155 -156 -157 -172 0
-155 156 157 172 0
-155 156 -157 -172 0
-155 -156 157 -172 0
-155 -156 -157 172 0
-157 -173 0
157 173 0
-22 -173 174 0
22 -174 0
173 -174 0
133 172 -175 0
133 174 -175 0
-172 -174 175 0
172 174 -175 0
-133 -174 175 0
-133 -172 175 0
131 171 -176 0
131 175 -176 0
-171 -175 176 0
171 175 -176 0
-131 -175 176 0
-131 -171 176 0
129 170 -177 0
129 176 -177 0
-170 -176 177 0
170 176 -177 0
-129 -176 177 0
-129 -170 177 0
127 169 -178 0
127 177 -178 0
-169 -177 178 0
169 177 -178 0
-127 -177 178 0
-127 -169 178 0
125 168 -179 0
125 178 -179 0
-168 -178 179 0
168 178 -179 0
-125 -178 179 0
-125 -168 179 0
123 167 -180 0
123 179 -180 0
-167 -179 180 0
167 179 -180 0
-123 -179 180 0
-123 -167 180 0
121 166 -181 0
121 180 -181 0
-166 -180 181 0
166 180 -181 0
-121 -180 181 0
-121 -166 181 0
142 165 181 -182 0
142 165 -181 182 0
142 -165 181 182 0
142 -165 -181 -182 0
-142 165 181 182 0
-142 165 -181 -182 0
-142 -165 181 -182 0
-142 -165 -181 182 0
182 0
-183 0
-183 0
130 131 135 -185 0
130 131 -135 185 0
130 -131 135 185 0
130 -131 -135 -185 0
-130 131 135 185 0
-130 131 -135 -185 0
-130 -131 135 -185 0
-130 -131 -135 185 0
-184 -185 -186 0
184 186 0
185 186 0
-184 -187 0
184 187 0
-185 -188 0
185 188 0
-187 -188 -189 0
187 189 0
188 189 0
-186 -189 -190 0
186 190 0
189 190 0
190 0
116 118 -191 0
116 119 -191 0
-118 -119 191 0
118 119 -191 0
-116 -119 191 0
-116 -118 191 0
-191 0
51 53 -192 0
51 69 -192 0
-53 -69 192 0
53 69 -192 0
-51 -69 192 0
-51 -53 192 0
-192 0
132 133 134 -194 0
132 133 -134 194 0
132 -133 134 194 0
132 -133 -134 -194 0
-132 133 134 194 0
-132 133 -134 -194 0
-132 -133 134 -194 0
-132 -133 -134 194 0
-193 -194 -195 0
193 195 0
194 195 0
-193 -196 0
193 196 0
-194 -197 0
194 197 0
-196 -197 -198 0
196 198 0
197 198 0
-195 -198 -199 0
195 199 0
198 199 0
199 0
86 88 -200 0
86 98 -200 0
-88 -98 200 0
88 98 -200 0
-86 -98 200 0
-86 -88 200 0
-200 0
29 31 -201 0
29 50 -201 0
-31 -50 201 0
31 50 -201 0
-29 -50 201 0
-29 -31 201 0
-201 0
122 123 139 -203 0
122 123 -139 203 0
122 -123 139 203 0
122 -123 -139 -203 0
-122 123 139 203 0
-122 123 -139 -203 0
-122 -123 139 -203 0
-122 -123 -139 203 0
-202 -203 -204 0
202 204 0
203 204 0
-202 -205 0
202 205 0
-203 -206 0
203 206 0
-205 -206 -207 0
205 207 0
206 207 0
-204 -207 -208 0
204 208 0
207 208 0
208 0
124 125 138 -210 0
124 125 -138 210 0
124 -125 138 210 0
124 -125 -138 -210 0
-124 125 138 210 0
-124 125 -138 -210 0
-124 -125 138 -210 0
-124 -125 -138 210 0
-209 -210 -211 0
209 211 0
210 211 0
-209 -212 0
209 212 0
-210 -213 0
210 213 0
-212 -213 -214 0
212 214 0
213 214 0
-211 -214 -215 0
211 215 0
214 215 0
215 0
120 121 140 -217 0
120 121 -140 217 0
120 -121 140 217 0
120 -121 -140 -217 0
-120 121 140 217 0
-120 121 -140 -217 0
-120 -121 140 -217 0
-120 -121 -140 217 0
-216 -217 -218 0
216 218 0
217 218 0
-216 -219 0
216 219 0
-217 -220 0
217 220 0
-219 -220 -221 0
219 221 0
220 221 0
-218 -221 -222 0
218 222 0
221 222 0
222 0
70 72 -223 0
70 85 -223 0
-72 -85 223 0
72 85 -223 0
-70 -85 223 0
-70 -72 223 0
-223 0
128 129 136 -225 0
128 129 -136 225 0
128 -129 136 225 0
128 -129 -136 -225 0
-128 129 136 225 0
-128 129 -136 -225 0
-128 -129 136 -225 0
-128 -129 -136 225 0
-224 -225 -226 0
224 226 0
225 226 0
-224 -227 0
224 227 0
-225 -228 0
225 228 0
-227 -228 -229 0
227 229 0
228 229 0
-226 -229 -230 0
226 230 0
229 230 0
230 0
109 111 -231 0
109 115 -231 0
-111 -115 231 0
111 115 -231 0
-109 -115 231 0
-109 -111 231 0
-231 0
126 127 137 -233 0
126 127 -137 233 0
126 -127 137 233 0
126 -127 -137 -233 0
-126 127 137 233 0
-126 127 -137 -233 0
-126 -127 137 -233 0
-126 -127 -137 233 0
-232 -233 -234 0
232 234 0
233 234 0
-232 -235 0
232 235 0
-233 -236 0
233 236 0
-235 -236 -237 0
235 237 0
236 237 0
-234 -237 -238 0
234 238 0
237 238 0
238 0
99 101 -239 0
99 108 -239 0
-101 -108 239 0
101 108 -239 0
-99 -108 239 0
-99 -101 239 0
-239 0
18 0
